0.0212766
-0.125
-0.0172414
0.25
0.0196078
-0.0277778
-0.0196078
-0.0172414
-0.027027
-0.0526316
0.025641
0.0111111
-0.0121951
0.0151515
-0.0185185
0.01
-0.1
-0.0108696
0.0222222
-0.0136986
0.0909091
0.0172414
0.015873
0.0135135
-0.0178571
-0.0263158
-0.0102041
-0.0625
-0.0322581
0.0217391
-0.0625
0.04
0.0126582
-0.0172414
0.0144928
0.0153846
-0.0172414
-0.0149254
0.0104167
0.02
-0.111111
-0.0147059
-0.0434783
-0.0108696
0.011236
-0.0434783
0.0333333
0.0123457
-0.0123457
0.0625
-0.047619
-1
-0.010989
-0.0123457
-0.0149254
-0.0131579
0.0909091
-0.0116279
0.0322581
-0.0263158
-0.333333
-0.0285714
0.0107527
-0.0232558
-0.047619
-0.0208333
0.0238095
-0.0138889
-0.0144928
0.0909091
-0.0120482
-0.011236
0.0175439
0.047619
-0.0175439
0.2
0.03125
-0.0128205
-0.015873
-0.0833333
-0.0217391
-0.125
0.125
-0.0333333
0.0243902
0.0434783
-0.0178571
0.0344828
1
0.0138889
0.0175439
-0.0192308
-0.0217391
0.0196078
0.0166667
-0.010101
0.0208333
-0.0625