0.018369
-0.380061
-0.209165
0.286851
-0.246712
-0.019562
-0.323244
-0.442318
-0.356976
0.040396
-0.229263
-0.254947
-0.343051
0.091501
0.148011
0.018635
0.293966
-0.229588
-0.219503
0.225164
-0.113717
-0.193532
0.006136
-0.364705
-0.543644
0.285672
0.001665
0.194411
0.147432
-0.612707
-0.487080
-0.227859
-0.455281
-0.665610
0.100156
-0.346707
-0.285346
-0.490735
-0.058156
0.070606
-0.423816
-0.547948
-0.237472
0.190003
0.339677
-0.479765
0.224146
0.159096
0.474554
-0.063352
-0.370498
-0.509720
-0.095459
-0.448012
0.470023
-0.756208
-1.050090
1.925358
0.130599
-0.398253
0.426218
0.750888
0.200497
1.097805
-0.241905
-1.951823
-0.050419
-0.086410
0.156406
0.112014
-0.061975
-0.077507
0.384715
-0.264053
-0.414528
-0.404128
-0.314526
-0.138318
-0.122871
0.206607
-0.460360
0.097028
0.286489
0.441826
-0.481050
0.053061
-0.376826
0.034265
-0.458855
-0.352267
0.855559
0.027634
0.668009
-0.213703
0.845389
0.424550
-0.957194
-0.206092
-0.670841
-0.410064
-0.425014
0.064784
-0.068691
0.096769
0.363585
-0.208163
-0.354847
0.014465
0.128905
-0.526131
0.073736
-0.122261
-0.213994
0.149852
0.332598
-0.225432
0.173798
-0.448600
0.263520
-0.498485
0.106040
0.133437
0.109684
-0.390389
0.331301
-0.312930
-0.040893
0.211525
-0.587737
-0.166233
-0.514653
0.086659
