0.239256
-0.474043
-0.380455
-0.06784
-0.333956
-0.464072
-0.278401
0.307305
0.190497
0.221578
-0.383397
-0.441598
0.130533
0.441063
-0.356968
-0.112587
-0.284661
2.30272
-1.792241
0.146735
0.366138
-0.353366
-1.096798
0.920037
-0.562728
0.453205
0.150696
-0.299741
0.249857
-0.793565
-0.311517
-0.125693
-0.418035
-0.196468
-0.030546
-0.073406
1.235194
0.107618
0.253622
0.026963
0.075765
-1.300662
0.536405
-0.448633
0.45217
-0.167041
-1.103608
-0.744643
-0.254472
0.299636
-0.100665
0.424205
-0.189699
-0.149615
-0.02594
-0.362269
0.379099
-0.096705
0.143487
0.092561
0.343944
-0.398568
0.00167
0.290184
-0.35067
-2.38661
1.123916
-0.346658
0.385682
-0.405297
0.417477
-2.151189
-0.372082
-0.321565
0.304199
0.001719
0.145589
0.059455
-0.352574
0.365854
-0.06834
-0.121263
0.345496
-0.362923
0.113128
-0.474265
0.093631
0.142321
0.142787
-2.047423
0.643219
0.122695
0.337856
-0.140232
-0.526058
0.160334
-0.689478
0.264271
-0.274354
0.316553
-0.387761
-1.40202
-0.722845
-0.466154
0.413871
-0.080606
-0.671075
0.042964
0.517124
-0.39205
-0.191433
0.394608
0.184707
-0.82513
0.727435
0.026434
0.018067
0.424979
0.625661
-0.474588
-1.45057
0.334679
0.825175
-0.201997
-0.289803
0.976452
1.313378
0.351598
0.427471
0.305076
2.850097
-0.349907
-0.510272
-0.072681
-0.279237
0.362092
0.300066
-0.231861
-0.243569
-0.471428
0.44293
-0.344124
-0.452911
-0.134204
