0.918120134823585343
1.444586026662949330
-0.340889192668864526
0.150362585461321113
0.459962565432639303
0.518429559059469635
-0.112237692326613347
-0.430628081657090711
0.604028115893518680
-0.410928281630624281
0.220076477946089421
-0.392618525128634710
-0.0461437243440600899
-0.153175179487645779
-0.0493768990219818557
-0.115408245785044924
-0.456934585923300495
-0.303800573121907002
0.127652043176865209
-0.171350328338882390
-0.316374965742718672
0.343195377614641916
0.283753132815516950
-0.231394874681758983
0.388861502467929109
0.988959982601053000
-0.387253075477848429
0.421194807521991176
0.116536302452164730
0.0884541171255058683
0.362610882703333026
-0.138273175664998831
0.596871231921134448
0.343711457727872649
0.0856820277557042014
0.494022494304472870
0.230962587092383514
-0.450948718010130200
-0.0235345586720386579
-0.149472845196276210
-0.0871596815831482268
0.382957499571567716
0.395006689511267994
-0.001715049682104331
-0.614410874629456205
-0.169478415526239045
0.143213633695985137
0.0702045430184212448
0.219361144470979069
0.393203512929738596
-0.199625527358844839
-0.0959586976847633943
0.319623536167308874
0.241760123282543482
-0.006119218588497550
0.227384092510876989
-0.597323752931662066
0.0104670212487698675
0.347996093088452418
-0.345666514499970545
0.603603632434741355
-1.798643135788267511
-0.107578953399387750
1.351445646107595877
-0.282016296037305436
0.209302175228257059
-0.338127980431535801
-0.368582317439329565
1.471441002378113927
0.489469328935517644
0.307396317369767413
-0.943198231565735456
-1.608957562480012760
1.503002937906968040
0.102227121016574051
-1.105331574448607190
-0.105376259725732307
-0.0680375468325269822
0.0157455505697060502
-0.428699784297418173
0.739361901402749155
0.170988845421452873
0.411966608132179834
1.508573302176968500
-0.321192719205880550
0.200379318781980397
0.371134230458637304
-0.423420947573890260
-0.0552973047319845270
0.101835261810695201
0.306177077428718746
-0.102753113533388687
-0.321166488241912573
0.189950368901223604
0.324195367959418778
-0.0131784707357821880
-0.329570194497359358
-0.323033405467209155
-0.200896960641150007
-0.456438184798597046
-0.470473838925346943
-0.199785314616296172
-0.295318393212411156
-0.353386722604907388
-0.147282606794102599
0.415062179155471999
-0.439880731433486660
0.296829108766832994
0.0626536800714717623
0.285532978656826808
0.409847180079925432
-0.143146262597962009
-0.321567225109166521
-0.244588079143238684
0.460446970072356465
-0.0154758275484427124
-0.444082038206506046
0.0448955905148757938
0.282826103540146867
0.230218495321433902
-1.892921685122951336
-0.266247372047362485
-0.400645777939977076
-1.002249816745358624
-0.0475049438323274994
-0.872867238204939277
-0.464212510249597309
-0.343775562687933466
2.064717635360141745
0.190653309253451974
-0.220619893309885156
0.815661035286144753
0.932764563074642505
-1.739692337102667796
-0.336523752267225639
1.013474067900708597
-0.137700044432372326
0.176807933298161440
0.307770533570648874
-0.0199400605814187247
1.063615963562695388
0.0718224593331092953
-0.155660600713551394
-1.152391671695558895