0.37029611
0.0878662 
-0.1122206 
-0.48572666
-0.04061583
0.38505668
0.13312791
0.15237923
-0.15744046
-0.17013284
-0.40905365
-0.64738861
-0.04520047
0.18373962
-0.07124686
0.26875908
0.89251395
0.13226766
-0.56690899
-0.33820652
-0.33792046
-0.40060186
0.37030534
0.36500977
-0.48171541
0.16702678
0.00919076
-0.0477805 
-0.34834706
0.23069295
0.05500155
0.69232779
0.30203396
0.44407987
-0.13805081
0.36389958  
-0.37741232
-0.12381843
0.4304299 
1.26191055
0.04900199
0.14764537
0.60420043
-0.62940253
-0.50510291
0.00592921
-1.39336776
0.44138007  
0.15237289
-0.3544555 
0.25991302
-0.40541179
-0.18058944
0.07961492
-0.27231813
-0.34924327
0.36284346
0.3874325 
-0.37352635
0.12411306  
0.45339344
0.06952919
-0.0033928 
-0.27674072
-0.35530088
-0.24438456
-0.23601936
-0.20219671
-0.23381882
-0.28399532
0.32622125
-0.41452716
-0.21930051
0.45141173
0.28283259
-0.81965026
0.11833305
0.25532151
0.16268838
-0.46465549
0.72852116
-0.47412279
0.618049  
0.4510029   
-0.04181652
0.27734591
-0.18849354
0.20372356
0.4101585 
-0.60763727
0.64986313
0.04482193
-0.60940792
0.17732605
0.8467941 
-0.70741959 
-0.04981412
0.26553861
0.555739  
-0.2617172 
-0.0188592 
0.47907776
-0.63597286
-0.20591047  
0.77776659 
0.39190384
0.51349404
0.55389456  
0.49687604
-0.16924231
-0.21362587 
-0.46494886 
-0.3114532 
0.10866681
0.3999352 
-0.26326502 
-0.13506704
0.25699654
-0.05340042
-0.3256885 
0.08084264
0.25166775
1.21787134 
0.33830199
-1.1126634 
0.87462412
0.69966312
0.38596475 
0.33040551
0.15007706
0.27224218
-0.43465681 
-0.34619737
-0.46167911
-0.34049368 
0.21494028
-0.04043376
-0.02761264
-0.27662465
-0.14865807 
0.15722136
-0.08374602
-0.48563079
-0.320962