-0.224224192801840666
1.173464149995934402
-0.307316407372817679
3.146150438828563267
0.072174267499513236
-2.271299827249026126
-0.091935047096662045
1.878633651578815567
-0.161956003052265373
0.081148105429780861
-3.856895434820287516
0.178037540443753056
0.419614668128716450
-3.100341355906045315
-0.259024376336816020
-0.707414376589676541
-0.179254478070071360
2.430584530222726691
-0.234318829821656110
-1.114000947605224834
0.415395562013599062
-0.720770566281657920
1.769745842329805141
-0.517526534036586771
0.432654275597418258
0.918388764374334032
0.411246316542331735
-1.877789854541261905
-0.371797906632641894
0.254524267243187551
0.296794276572259707
-0.121665438396390268
-0.442761048170294713
1.486785422293938952
1.472621527088060489
-0.540318786242580118