-0.409156
-0.456338
0.002698
0.440747
0.167098
0.268351
-0.214857
-0.506718
0.097658
0.245097
-0.059114
-0.435718
0.188866
-0.519545
-0.322761
-0.457407
-0.241072
-0.447174
-0.200398
-0.594057
0.020193
-0.527275
0.147007
-0.117571
-0.288994
-0.501048
-0.252896
-0.054837
-0.194207
0.148212
0.100182
-0.314933
-0.201345
-0.320998
-0.452657
-0.044969
-0.097221
-0.114101
-0.200349
-0.237615
-0.20548
0.124457
-0.492448
-0.447748
0.358293
0.088961
0.133689
-0.308649
-0.407267
0.395365
-0.248865
-0.170037
-0.122907
-0.449039
-0.375986
1.775068
2.31106
-3.239766
-0.25225
1.088608
0.352502
2.159677
-0.772385
-1.983244
1.247491
3.121261
-0.751128
-0.43151
-0.411315
0.122084
-0.676336
-0.51097
-0.31432
-1.1825
-0.54212
-0.426444
-0.35605
-0.807791
0.247097
1.891873
-0.110442
-0.603873
-0.394744
-1.036826
0.615511
1.696766
1.117095
-1.90471
1.151108
-0.107848
1.20122
-0.929992
0.052044
1.117292
0.181049
1.606336
0.210335
1.217111
-0.235017
-1.557115
1.283857
1.031151
1.467192
-0.454238
1.803817
2.446181
1.516972
-0.192485
-2.139247
-1.129965
0.244442
0.890473
-0.911765
1.056307
1.019087
-1.420812
-0.958904
0.196009
0.249728
0.230412
-0.581388
-0.369818
0.285463
-0.01959
0.111768
-0.353578
0.442013
-0.241682
-0.189346
-0.442068
-0.035263
-0.371796
