0.279642
0.189499
-0.354783
0.484137
-0.384845
0.625427
0.150419
0.983918
1.294806
-2.064911
1.087034
0.146483
0.028658
0.293501
0.100064
0.204766
-0.241856
3.385571
0.460361
-0.05631
0.636888
-1.912017
-1.434299
-0.009911
0.134378
-0.13038
-0.069529
0.082544
0.161472
-0.330634
0.087879
-0.490835
-0.793326
-0.056004
-0.148533
-0.014084
-0.394466
0.25969
-0.353262
0.339595
0.185599
-1.701974
0.229597
0.90303
1.695794
-0.684043
1.343968
-0.499685
-0.419468
-0.172684
-0.075854
0.281645
0.31184
0.117551
0.459692
0.020645
-0.252525
-0.285775
0.285888
0.374787
0.145162
0.401595
0.357894
0.205003
-0.201758
0.727981
-0.191025
-0.250339
-0.556336
-0.141817
0.556876
-0.203395
-0.039111
-0.233136
-0.088572
0.230669
0.200322
0.094681
0.086706
-0.429568
-0.636827
0.0813
0.456346
0.04986
-0.35912
-0.000444
0.331989
0.371317
0.224317
0.299704
0.228863
-0.365719
-0.449004
0.005443
0.212383
-0.051931
-0.161034
0.344709
-0.239514
0.292966
0.333639
0.154138
-0.43182
-0.38816
2.334705
3.169387
0.512787
0.241721
-0.403001
0.231808
0.456798
-0.056183
-0.087887
-0.478649
-0.426071
0.084493
-0.045461
-0.248791
-0.17
-0.077851
0.382669
0.15868
0.365876
-0.297125
0.091288
-0.383505
-0.143329
0.179729
-0.563017
0.014137
0.006778
0.126735
0.351457
-0.00346
0.15199
0.095819
-0.201651
2.533562
-0.150279
0.226894
-1.617584
-1.596345
-0.455145
-0.409583
