0.262352
0.364531
-0.140722
0.317400
-0.206171
-0.094541
-0.381125
0.369745
-0.173683
-0.379083
0.290489
0.479607
-0.272805
0.260135
-1.021823
0.172902
0.159518
0.225201
1.719603
-0.459281
-0.057222
-0.790903
0.390693
-0.698127
-0.346470
-0.031426
0.004377
0.069807
-0.226593
0.069859
-0.433080
0.160701
-0.259039
-0.406424
0.247076
-0.342274
0.378488
-0.079886
0.464241
-0.458729
-0.240022
-0.399624
-0.261912
0.270222
-0.453319
-0.319324
-0.084011
-0.365753
-0.405445
0.181413
0.066356
0.444476
-0.408330
-0.963630
0.802569
0.467875
0.178082
1.266243
0.494219
0.710916
-0.098832
0.259608
0.533471
0.261313
0.116513
0.600463
-0.082368
-0.085336
0.243825
-0.921746
0.642395
0.257423
-0.226373
0.185973
0.959460
0.088684
-0.152639
0.619742
-0.091627
0.395498
-0.509853
0.716002
-0.369132
-0.314785
0.169191
-0.656448
0.009842
0.242775
1.555531
-0.261254
-1.322679
0.373393
0.795560
1.758685
0.473303
1.134813
-0.208356
0.484976
0.372415
0.384382
0.107183
-0.295254
0.012013
-0.053004
-0.387390
0.049628
-0.356718
-0.435427
-0.002708
0.300580
-0.274434
-0.204135
-0.436084
0.263435
-0.312453
-0.451058
0.254231
-0.020428
-0.473160
-0.173378
-0.423964
0.108033
-0.589943
0.002845
1.275132
0.385390
-0.242661
-0.331472
-0.269347
0.131805
-0.726574
-0.048684
0.273005
0.123176
-0.075065
-0.054868
-0.311292
0.199702
-0.098740
-0.025201
-0.134472
-0.367372
-0.326264
-0.549301
