-0.689163
0.488553
0.238364
0.416428
-0.710532
-0.464119
-0.821780
-0.205748
0.170837
0.154848
-0.398974
-0.920349
0.476246
-0.873742
0.525720
-1.755221
-0.263912
1.006223
-0.246949
0.610047
0.670273
-0.750497
0.192820
0.596036
0.422239
0.739839
0.154446
0.566129
0.857252
0.143485
-0.232583
-0.207166
-0.048563
-0.479820
1.229747
0.846957
0.029948
-0.701526
0.599281
1.954042
0.635697
-0.776754
-0.950335
-0.384294
0.844582
0.631802
0.076004
-0.947433
-0.376112
-1.158307
-0.222240
0.144444
0.246952
0.723595
0.972922
0.691681
0.121144
-0.757942
-0.594423
-0.753484
-0.407527
0.302003
0.904363
-0.371663
0.332996
0.342696
0.361120
0.173593
-0.356714
-0.362571
-0.214622
-0.314250
-0.378580
0.115286
-0.053111
-0.397992
-0.014786
-1.138399
-0.478643
0.120687
0.829609
0.326505
1.295504
0.029896
0.278088
1.248665
0.352737
-1.307208
-0.461817
-0.026288
0.403751
-0.180330
-0.150255
-0.444510
-0.266103
0.116940
-0.357349
-0.466160
-0.099660
0.708997
1.451457
0.634544
0.094120
1.852667
-0.408642
-0.765000
-0.762349
-0.086787
0.009492
0.197593
0.113484
0.715967
-0.295328
0.456257
0.346150
-0.833735
0.200733
-0.355262
-0.128904
0.191561
-0.164643
0.521038
-1.031716
0.893749
1.115351
-0.812940
0.750925
-1.238434
0.035930
0.967609
0.296652
0.007959
