-0.383331
-0.285819
-0.024545
-0.153416
-0.532033
-0.532007
0.284014
0.189015
0.301268
-0.207928
0.137378
-0.478789
0.255154
0.309882
0.048120
0.745709
-0.264379
-0.059897
-0.449912
0.290217
0.483982
0.090694
-0.328148
-0.636694
-0.225826
-0.343700
0.216201
-0.409000
-0.275716
0.163463
0.454592
-0.018412
-0.368078
1.405983
0.290195
1.186100
0.374306
0.158199
-0.436638
-0.184878
-0.452829
0.115472
0.008096
-0.684983
-0.416918
0.282732
-0.073814
-0.140012
0.068388
0.928327
-0.860214
-0.996476
0.690077
0.542684
-0.264421
0.740245
-0.168459
-0.337915
0.483755
0.461712
-0.192638
0.530213
-0.117343
-0.299091
0.173999
-0.234978
-0.365915
0.547830
-0.219923
0.079376
0.501976
0.934659
-0.524918
0.680346
0.946675
1.047483
0.200934
-0.020544
-0.454914
0.429824
-0.304641
-1.257440
-0.837327
0.694231
0.050460
-0.336397
-0.235960
-0.472130
-0.094770
-0.476240
0.274588
-0.400044
0.318698
-0.257082
-0.153067
0.053024
-0.308352
-0.292601
-0.059453
0.459398
0.108178
-0.158604
0.104515
-0.882834
-0.493271
0.150577
-0.495786
0.163232
-0.031147
-0.644376
0.682996
0.482226
1.037696
-0.104615
-0.010060
-1.169980
-0.062463
0.262754
-0.236428
-1.165527
0.568067
-0.849592
-0.171523
0.704253
0.380719
0.401546
-0.080367
-0.655011
0.066639
-0.250377
-0.314483
0.989013
0.719758
-0.635057
-0.620691
-0.164029
0.421907
0.400305
-0.136994
-0.156280
-0.120806
0.885256
-0.356354
0.564665
