0.508494
0.389284
0.028958
-0.430871
0.590434
-0.132403
-0.443498
0.086340
-0.147480
0.313629
-0.294998
0.054962
-0.443237
-0.113459
-0.112686
0.090726
-0.389140
0.675581
0.499668
1.234677
-0.343519
0.179520
0.508227
-0.337786
0.119858
0.174535
0.011879
-0.365000
0.377317
1.090978
1.630151
-1.621295
-0.431773
-0.411354
-1.250733
-0.213158
-0.366088
-0.056956
-0.371618
0.120107
-0.806914
-0.067010
-0.243029
-0.966462
-0.430320
0.182977
-0.245940
-0.155404
0.411455
-0.010558
-0.139642
0.165321
-1.317784
0.891034
-0.152706
0.698481
-0.283920
-0.023294
0.630153
0.281154
-0.145399
-2.081290
-0.357553
-0.116480
-0.329278
0.075929
0.807069
0.452733
-0.283500
-0.279595
-0.480214
-0.484475
-0.470284
0.338979
-0.355961
0.293204
-0.009161
0.740102
0.729828
-0.947523
-0.415228
-0.192625
-0.101606
-0.268663
0.213225
-0.416828
0.208356
-0.030425
0.667811
-0.013120
-0.336622
1.152629
-0.178073
0.448958
0.394291
0.401488
0.321069
-0.051511
0.146341
-0.327206
0.005183
-0.873404
-0.389595
-0.206526
0.438372
-0.183440
-0.019720
0.438301
0.343572
-0.371913
0.221441
0.093600
-0.332328
-0.324398
0.362374
0.018438
0.020376
0.166895
0.274772
0.490697
-0.467181
0.269521
0.233848
-0.008717
0.250630
0.233240
-0.923640
0.310787
0.415113
-0.285634
0.364354
-0.247068
0.204003
0.158834
0.148645
0.446581
-1.018728
-0.296822
-0.236252
-1.491899
-0.151220
-0.210665
0.789972
-0.414040
